DIMENSION z 10
0 0.111111 0.222222 0.333333 0.444444 0.555556 0.666667 0.777778 0.888889 1 
END
DIMENSION y 10
0 0.111111 0.222222 0.333333 0.444444 0.555556 0.666667 0.777778 0.888889 1 
END
DIMENSION x 10
0 0.111111 0.222222 0.333333 0.444444 0.555556 0.666667 0.777778 0.888889 1 
END
VARIABLE foo 10
0 0.0123457 0.0493827 0.111111 0.197531 0.308642 0.444444 0.604938 0.790123 1 
0 0.0123457 0.0493827 0.111111 0.197531 0.308642 0.444444 0.604938 0.790123 1 
0 0.0123457 0.0493827 0.111111 0.197531 0.308642 0.444444 0.604938 0.790123 1 
0 0.0123457 0.0493827 0.111111 0.197531 0.308642 0.444444 0.604938 0.790123 1 
0 0.0123457 0.0493827 0.111111 0.197531 0.308642 0.444444 0.604938 0.790123 1 
0 0.0123457 0.0493827 0.111111 0.197531 0.308642 0.444444 0.604938 0.790123 1 
0 0.0123457 0.0493827 0.111111 0.197531 0.308642 0.444444 0.604938 0.790123 1 
0 0.0123457 0.0493827 0.111111 0.197531 0.308642 0.444444 0.604938 0.790123 1 
0 0.0123457 0.0493827 0.111111 0.197531 0.308642 0.444444 0.604938 0.790123 1 
0 0.0123457 0.0493827 0.111111 0.197531 0.308642 0.444444 0.604938 0.790123 1 
0.111111 0.123457 0.160494 0.222222 0.308642 0.419753 0.555556 0.716049 0.901235 1.11111 
0.111111 0.123457 0.160494 0.222222 0.308642 0.419753 0.555556 0.716049 0.901235 1.11111 
0.111111 0.123457 0.160494 0.222222 0.308642 0.419753 0.555556 0.716049 0.901235 1.11111 
0.111111 0.123457 0.160494 0.222222 0.308642 0.419753 0.555556 0.716049 0.901235 1.11111 
0.111111 0.123457 0.160494 0.222222 0.308642 0.419753 0.555556 0.716049 0.901235 1.11111 
0.111111 0.123457 0.160494 0.222222 0.308642 0.419753 0.555556 0.716049 0.901235 1.11111 
0.111111 0.123457 0.160494 0.222222 0.308642 0.419753 0.555556 0.716049 0.901235 1.11111 
0.111111 0.123457 0.160494 0.222222 0.308642 0.419753 0.555556 0.716049 0.901235 1.11111 
0.111111 0.123457 0.160494 0.222222 0.308642 0.419753 0.555556 0.716049 0.901235 1.11111 
0.111111 0.123457 0.160494 0.222222 0.308642 0.419753 0.555556 0.716049 0.901235 1.11111 
0.222222 0.234568 0.271605 0.333333 0.419753 0.530864 0.666667 0.82716 1.01235 1.22222 
0.222222 0.234568 0.271605 0.333333 0.419753 0.530864 0.666667 0.82716 1.01235 1.22222 
0.222222 0.234568 0.271605 0.333333 0.419753 0.530864 0.666667 0.82716 1.01235 1.22222 
0.222222 0.234568 0.271605 0.333333 0.419753 0.530864 0.666667 0.82716 1.01235 1.22222 
0.222222 0.234568 0.271605 0.333333 0.419753 0.530864 0.666667 0.82716 1.01235 1.22222 
0.222222 0.234568 0.271605 0.333333 0.419753 0.530864 0.666667 0.82716 1.01235 1.22222 
0.222222 0.234568 0.271605 0.333333 0.419753 0.530864 0.666667 0.82716 1.01235 1.22222 
0.222222 0.234568 0.271605 0.333333 0.419753 0.530864 0.666667 0.82716 1.01235 1.22222 
0.222222 0.234568 0.271605 0.333333 0.419753 0.530864 0.666667 0.82716 1.01235 1.22222 
0.222222 0.234568 0.271605 0.333333 0.419753 0.530864 0.666667 0.82716 1.01235 1.22222 
0.333333 0.345679 0.382716 0.444444 0.530864 0.641975 0.777778 0.938272 1.12346 1.33333 
0.333333 0.345679 0.382716 0.444444 0.530864 0.641975 0.777778 0.938272 1.12346 1.33333 
0.333333 0.345679 0.382716 0.444444 0.530864 0.641975 0.777778 0.938272 1.12346 1.33333 
0.333333 0.345679 0.382716 0.444444 0.530864 0.641975 0.777778 0.938272 1.12346 1.33333 
0.333333 0.345679 0.382716 0.444444 0.530864 0.641975 0.777778 0.938272 1.12346 1.33333 
0.333333 0.345679 0.382716 0.444444 0.530864 0.641975 0.777778 0.938272 1.12346 1.33333 
0.333333 0.345679 0.382716 0.444444 0.530864 0.641975 0.777778 0.938272 1.12346 1.33333 
0.333333 0.345679 0.382716 0.444444 0.530864 0.641975 0.777778 0.938272 1.12346 1.33333 
0.333333 0.345679 0.382716 0.444444 0.530864 0.641975 0.777778 0.938272 1.12346 1.33333 
0.333333 0.345679 0.382716 0.444444 0.530864 0.641975 0.777778 0.938272 1.12346 1.33333 
0.444444 0.45679 0.493827 0.555556 0.641975 0.753086 0.888889 1.04938 1.23457 1.44444 
0.444444 0.45679 0.493827 0.555556 0.641975 0.753086 0.888889 1.04938 1.23457 1.44444 
0.444444 0.45679 0.493827 0.555556 0.641975 0.753086 0.888889 1.04938 1.23457 1.44444 
0.444444 0.45679 0.493827 0.555556 0.641975 0.753086 0.888889 1.04938 1.23457 1.44444 
0.444444 0.45679 0.493827 0.555556 0.641975 0.753086 0.888889 1.04938 1.23457 1.44444 
0.444444 0.45679 0.493827 0.555556 0.641975 0.753086 0.888889 1.04938 1.23457 1.44444 
0.444444 0.45679 0.493827 0.555556 0.641975 0.753086 0.888889 1.04938 1.23457 1.44444 
0.444444 0.45679 0.493827 0.555556 0.641975 0.753086 0.888889 1.04938 1.23457 1.44444 
0.444444 0.45679 0.493827 0.555556 0.641975 0.753086 0.888889 1.04938 1.23457 1.44444 
0.444444 0.45679 0.493827 0.555556 0.641975 0.753086 0.888889 1.04938 1.23457 1.44444 
0.555556 0.567901 0.604938 0.666667 0.753086 0.864198 1 1.16049 1.34568 1.55556 
0.555556 0.567901 0.604938 0.666667 0.753086 0.864198 1 1.16049 1.34568 1.55556 
0.555556 0.567901 0.604938 0.666667 0.753086 0.864198 1 1.16049 1.34568 1.55556 
0.555556 0.567901 0.604938 0.666667 0.753086 0.864198 1 1.16049 1.34568 1.55556 
0.555556 0.567901 0.604938 0.666667 0.753086 0.864198 1 1.16049 1.34568 1.55556 
0.555556 0.567901 0.604938 0.666667 0.753086 0.864198 1 1.16049 1.34568 1.55556 
0.555556 0.567901 0.604938 0.666667 0.753086 0.864198 1 1.16049 1.34568 1.55556 
0.555556 0.567901 0.604938 0.666667 0.753086 0.864198 1 1.16049 1.34568 1.55556 
0.555556 0.567901 0.604938 0.666667 0.753086 0.864198 1 1.16049 1.34568 1.55556 
0.555556 0.567901 0.604938 0.666667 0.753086 0.864198 1 1.16049 1.34568 1.55556 
0.666667 0.679012 0.716049 0.777778 0.864198 0.975309 1.11111 1.2716 1.45679 1.66667 
0.666667 0.679012 0.716049 0.777778 0.864198 0.975309 1.11111 1.2716 1.45679 1.66667 
0.666667 0.679012 0.716049 0.777778 0.864198 0.975309 1.11111 1.2716 1.45679 1.66667 
0.666667 0.679012 0.716049 0.777778 0.864198 0.975309 1.11111 1.2716 1.45679 1.66667 
0.666667 0.679012 0.716049 0.777778 0.864198 0.975309 1.11111 1.2716 1.45679 1.66667 
0.666667 0.679012 0.716049 0.777778 0.864198 0.975309 1.11111 1.2716 1.45679 1.66667 
0.666667 0.679012 0.716049 0.777778 0.864198 0.975309 1.11111 1.2716 1.45679 1.66667 
0.666667 0.679012 0.716049 0.777778 0.864198 0.975309 1.11111 1.2716 1.45679 1.66667 
0.666667 0.679012 0.716049 0.777778 0.864198 0.975309 1.11111 1.2716 1.45679 1.66667 
0.666667 0.679012 0.716049 0.777778 0.864198 0.975309 1.11111 1.2716 1.45679 1.66667 
0.777778 0.790123 0.82716 0.888889 0.975309 1.08642 1.22222 1.38272 1.5679 1.77778 
0.777778 0.790123 0.82716 0.888889 0.975309 1.08642 1.22222 1.38272 1.5679 1.77778 
0.777778 0.790123 0.82716 0.888889 0.975309 1.08642 1.22222 1.38272 1.5679 1.77778 
0.777778 0.790123 0.82716 0.888889 0.975309 1.08642 1.22222 1.38272 1.5679 1.77778 
0.777778 0.790123 0.82716 0.888889 0.975309 1.08642 1.22222 1.38272 1.5679 1.77778 
0.777778 0.790123 0.82716 0.888889 0.975309 1.08642 1.22222 1.38272 1.5679 1.77778 
0.777778 0.790123 0.82716 0.888889 0.975309 1.08642 1.22222 1.38272 1.5679 1.77778 
0.777778 0.790123 0.82716 0.888889 0.975309 1.08642 1.22222 1.38272 1.5679 1.77778 
0.777778 0.790123 0.82716 0.888889 0.975309 1.08642 1.22222 1.38272 1.5679 1.77778 
0.777778 0.790123 0.82716 0.888889 0.975309 1.08642 1.22222 1.38272 1.5679 1.77778 
0.888889 0.901235 0.938272 1 1.08642 1.19753 1.33333 1.49383 1.67901 1.88889 
0.888889 0.901235 0.938272 1 1.08642 1.19753 1.33333 1.49383 1.67901 1.88889 
0.888889 0.901235 0.938272 1 1.08642 1.19753 1.33333 1.49383 1.67901 1.88889 
0.888889 0.901235 0.938272 1 1.08642 1.19753 1.33333 1.49383 1.67901 1.88889 
0.888889 0.901235 0.938272 1 1.08642 1.19753 1.33333 1.49383 1.67901 1.88889 
0.888889 0.901235 0.938272 1 1.08642 1.19753 1.33333 1.49383 1.67901 1.88889 
0.888889 0.901235 0.938272 1 1.08642 1.19753 1.33333 1.49383 1.67901 1.88889 
0.888889 0.901235 0.938272 1 1.08642 1.19753 1.33333 1.49383 1.67901 1.88889 
0.888889 0.901235 0.938272 1 1.08642 1.19753 1.33333 1.49383 1.67901 1.88889 
0.888889 0.901235 0.938272 1 1.08642 1.19753 1.33333 1.49383 1.67901 1.88889 
1 1.01235 1.04938 1.11111 1.19753 1.30864 1.44444 1.60494 1.79012 2 
1 1.01235 1.04938 1.11111 1.19753 1.30864 1.44444 1.60494 1.79012 2 
1 1.01235 1.04938 1.11111 1.19753 1.30864 1.44444 1.60494 1.79012 2 
1 1.01235 1.04938 1.11111 1.19753 1.30864 1.44444 1.60494 1.79012 2 
1 1.01235 1.04938 1.11111 1.19753 1.30864 1.44444 1.60494 1.79012 2 
1 1.01235 1.04938 1.11111 1.19753 1.30864 1.44444 1.60494 1.79012 2 
1 1.01235 1.04938 1.11111 1.19753 1.30864 1.44444 1.60494 1.79012 2 
1 1.01235 1.04938 1.11111 1.19753 1.30864 1.44444 1.60494 1.79012 2 
1 1.01235 1.04938 1.11111 1.19753 1.30864 1.44444 1.60494 1.79012 2 
1 1.01235 1.04938 1.11111 1.19753 1.30864 1.44444 1.60494 1.79012 2 

END
VARIABLE boo 10
0 0 0 0 0 0 0 0 0 0 
0.111111 0.111111 0.111111 0.111111 0.111111 0.111111 0.111111 0.111111 0.111111 0.111111 
0.222222 0.222222 0.222222 0.222222 0.222222 0.222222 0.222222 0.222222 0.222222 0.222222 
0.333333 0.333333 0.333333 0.333333 0.333333 0.333333 0.333333 0.333333 0.333333 0.333333 
0.444444 0.444444 0.444444 0.444444 0.444444 0.444444 0.444444 0.444444 0.444444 0.444444 
0.555556 0.555556 0.555556 0.555556 0.555556 0.555556 0.555556 0.555556 0.555556 0.555556 
0.666667 0.666667 0.666667 0.666667 0.666667 0.666667 0.666667 0.666667 0.666667 0.666667 
0.777778 0.777778 0.777778 0.777778 0.777778 0.777778 0.777778 0.777778 0.777778 0.777778 
0.888889 0.888889 0.888889 0.888889 0.888889 0.888889 0.888889 0.888889 0.888889 0.888889 
1 1 1 1 1 1 1 1 1 1 
0.111111 0.111111 0.111111 0.111111 0.111111 0.111111 0.111111 0.111111 0.111111 0.111111 
0.222222 0.222222 0.222222 0.222222 0.222222 0.222222 0.222222 0.222222 0.222222 0.222222 
0.333333 0.333333 0.333333 0.333333 0.333333 0.333333 0.333333 0.333333 0.333333 0.333333 
0.444444 0.444444 0.444444 0.444444 0.444444 0.444444 0.444444 0.444444 0.444444 0.444444 
0.555556 0.555556 0.555556 0.555556 0.555556 0.555556 0.555556 0.555556 0.555556 0.555556 
0.666667 0.666667 0.666667 0.666667 0.666667 0.666667 0.666667 0.666667 0.666667 0.666667 
0.777778 0.777778 0.777778 0.777778 0.777778 0.777778 0.777778 0.777778 0.777778 0.777778 
0.888889 0.888889 0.888889 0.888889 0.888889 0.888889 0.888889 0.888889 0.888889 0.888889 
1 1 1 1 1 1 1 1 1 1 
1.11111 1.11111 1.11111 1.11111 1.11111 1.11111 1.11111 1.11111 1.11111 1.11111 
0.222222 0.222222 0.222222 0.222222 0.222222 0.222222 0.222222 0.222222 0.222222 0.222222 
0.333333 0.333333 0.333333 0.333333 0.333333 0.333333 0.333333 0.333333 0.333333 0.333333 
0.444444 0.444444 0.444444 0.444444 0.444444 0.444444 0.444444 0.444444 0.444444 0.444444 
0.555556 0.555556 0.555556 0.555556 0.555556 0.555556 0.555556 0.555556 0.555556 0.555556 
0.666667 0.666667 0.666667 0.666667 0.666667 0.666667 0.666667 0.666667 0.666667 0.666667 
0.777778 0.777778 0.777778 0.777778 0.777778 0.777778 0.777778 0.777778 0.777778 0.777778 
0.888889 0.888889 0.888889 0.888889 0.888889 0.888889 0.888889 0.888889 0.888889 0.888889 
1 1 1 1 1 1 1 1 1 1 
1.11111 1.11111 1.11111 1.11111 1.11111 1.11111 1.11111 1.11111 1.11111 1.11111 
1.22222 1.22222 1.22222 1.22222 1.22222 1.22222 1.22222 1.22222 1.22222 1.22222 
0.333333 0.333333 0.333333 0.333333 0.333333 0.333333 0.333333 0.333333 0.333333 0.333333 
0.444444 0.444444 0.444444 0.444444 0.444444 0.444444 0.444444 0.444444 0.444444 0.444444 
0.555556 0.555556 0.555556 0.555556 0.555556 0.555556 0.555556 0.555556 0.555556 0.555556 
0.666667 0.666667 0.666667 0.666667 0.666667 0.666667 0.666667 0.666667 0.666667 0.666667 
0.777778 0.777778 0.777778 0.777778 0.777778 0.777778 0.777778 0.777778 0.777778 0.777778 
0.888889 0.888889 0.888889 0.888889 0.888889 0.888889 0.888889 0.888889 0.888889 0.888889 
1 1 1 1 1 1 1 1 1 1 
1.11111 1.11111 1.11111 1.11111 1.11111 1.11111 1.11111 1.11111 1.11111 1.11111 
1.22222 1.22222 1.22222 1.22222 1.22222 1.22222 1.22222 1.22222 1.22222 1.22222 
1.33333 1.33333 1.33333 1.33333 1.33333 1.33333 1.33333 1.33333 1.33333 1.33333 
0.444444 0.444444 0.444444 0.444444 0.444444 0.444444 0.444444 0.444444 0.444444 0.444444 
0.555556 0.555556 0.555556 0.555556 0.555556 0.555556 0.555556 0.555556 0.555556 0.555556 
0.666667 0.666667 0.666667 0.666667 0.666667 0.666667 0.666667 0.666667 0.666667 0.666667 
0.777778 0.777778 0.777778 0.777778 0.777778 0.777778 0.777778 0.777778 0.777778 0.777778 
0.888889 0.888889 0.888889 0.888889 0.888889 0.888889 0.888889 0.888889 0.888889 0.888889 
1 1 1 1 1 1 1 1 1 1 
1.11111 1.11111 1.11111 1.11111 1.11111 1.11111 1.11111 1.11111 1.11111 1.11111 
1.22222 1.22222 1.22222 1.22222 1.22222 1.22222 1.22222 1.22222 1.22222 1.22222 
1.33333 1.33333 1.33333 1.33333 1.33333 1.33333 1.33333 1.33333 1.33333 1.33333 
1.44444 1.44444 1.44444 1.44444 1.44444 1.44444 1.44444 1.44444 1.44444 1.44444 
0.555556 0.555556 0.555556 0.555556 0.555556 0.555556 0.555556 0.555556 0.555556 0.555556 
0.666667 0.666667 0.666667 0.666667 0.666667 0.666667 0.666667 0.666667 0.666667 0.666667 
0.777778 0.777778 0.777778 0.777778 0.777778 0.777778 0.777778 0.777778 0.777778 0.777778 
0.888889 0.888889 0.888889 0.888889 0.888889 0.888889 0.888889 0.888889 0.888889 0.888889 
1 1 1 1 1 1 1 1 1 1 
1.11111 1.11111 1.11111 1.11111 1.11111 1.11111 1.11111 1.11111 1.11111 1.11111 
1.22222 1.22222 1.22222 1.22222 1.22222 1.22222 1.22222 1.22222 1.22222 1.22222 
1.33333 1.33333 1.33333 1.33333 1.33333 1.33333 1.33333 1.33333 1.33333 1.33333 
1.44444 1.44444 1.44444 1.44444 1.44444 1.44444 1.44444 1.44444 1.44444 1.44444 
1.55556 1.55556 1.55556 1.55556 1.55556 1.55556 1.55556 1.55556 1.55556 1.55556 
0.666667 0.666667 0.666667 0.666667 0.666667 0.666667 0.666667 0.666667 0.666667 0.666667 
0.777778 0.777778 0.777778 0.777778 0.777778 0.777778 0.777778 0.777778 0.777778 0.777778 
0.888889 0.888889 0.888889 0.888889 0.888889 0.888889 0.888889 0.888889 0.888889 0.888889 
1 1 1 1 1 1 1 1 1 1 
1.11111 1.11111 1.11111 1.11111 1.11111 1.11111 1.11111 1.11111 1.11111 1.11111 
1.22222 1.22222 1.22222 1.22222 1.22222 1.22222 1.22222 1.22222 1.22222 1.22222 
1.33333 1.33333 1.33333 1.33333 1.33333 1.33333 1.33333 1.33333 1.33333 1.33333 
1.44444 1.44444 1.44444 1.44444 1.44444 1.44444 1.44444 1.44444 1.44444 1.44444 
1.55556 1.55556 1.55556 1.55556 1.55556 1.55556 1.55556 1.55556 1.55556 1.55556 
1.66667 1.66667 1.66667 1.66667 1.66667 1.66667 1.66667 1.66667 1.66667 1.66667 
0.777778 0.777778 0.777778 0.777778 0.777778 0.777778 0.777778 0.777778 0.777778 0.777778 
0.888889 0.888889 0.888889 0.888889 0.888889 0.888889 0.888889 0.888889 0.888889 0.888889 
1 1 1 1 1 1 1 1 1 1 
1.11111 1.11111 1.11111 1.11111 1.11111 1.11111 1.11111 1.11111 1.11111 1.11111 
1.22222 1.22222 1.22222 1.22222 1.22222 1.22222 1.22222 1.22222 1.22222 1.22222 
1.33333 1.33333 1.33333 1.33333 1.33333 1.33333 1.33333 1.33333 1.33333 1.33333 
1.44444 1.44444 1.44444 1.44444 1.44444 1.44444 1.44444 1.44444 1.44444 1.44444 
1.55556 1.55556 1.55556 1.55556 1.55556 1.55556 1.55556 1.55556 1.55556 1.55556 
1.66667 1.66667 1.66667 1.66667 1.66667 1.66667 1.66667 1.66667 1.66667 1.66667 
1.77778 1.77778 1.77778 1.77778 1.77778 1.77778 1.77778 1.77778 1.77778 1.77778 
0.888889 0.888889 0.888889 0.888889 0.888889 0.888889 0.888889 0.888889 0.888889 0.888889 
1 1 1 1 1 1 1 1 1 1 
1.11111 1.11111 1.11111 1.11111 1.11111 1.11111 1.11111 1.11111 1.11111 1.11111 
1.22222 1.22222 1.22222 1.22222 1.22222 1.22222 1.22222 1.22222 1.22222 1.22222 
1.33333 1.33333 1.33333 1.33333 1.33333 1.33333 1.33333 1.33333 1.33333 1.33333 
1.44444 1.44444 1.44444 1.44444 1.44444 1.44444 1.44444 1.44444 1.44444 1.44444 
1.55556 1.55556 1.55556 1.55556 1.55556 1.55556 1.55556 1.55556 1.55556 1.55556 
1.66667 1.66667 1.66667 1.66667 1.66667 1.66667 1.66667 1.66667 1.66667 1.66667 
1.77778 1.77778 1.77778 1.77778 1.77778 1.77778 1.77778 1.77778 1.77778 1.77778 
1.88889 1.88889 1.88889 1.88889 1.88889 1.88889 1.88889 1.88889 1.88889 1.88889 
1 1 1 1 1 1 1 1 1 1 
1.11111 1.11111 1.11111 1.11111 1.11111 1.11111 1.11111 1.11111 1.11111 1.11111 
1.22222 1.22222 1.22222 1.22222 1.22222 1.22222 1.22222 1.22222 1.22222 1.22222 
1.33333 1.33333 1.33333 1.33333 1.33333 1.33333 1.33333 1.33333 1.33333 1.33333 
1.44444 1.44444 1.44444 1.44444 1.44444 1.44444 1.44444 1.44444 1.44444 1.44444 
1.55556 1.55556 1.55556 1.55556 1.55556 1.55556 1.55556 1.55556 1.55556 1.55556 
1.66667 1.66667 1.66667 1.66667 1.66667 1.66667 1.66667 1.66667 1.66667 1.66667 
1.77778 1.77778 1.77778 1.77778 1.77778 1.77778 1.77778 1.77778 1.77778 1.77778 
1.88889 1.88889 1.88889 1.88889 1.88889 1.88889 1.88889 1.88889 1.88889 1.88889 
2 2 2 2 2 2 2 2 2 2 

END